Distance from Center (cmd=annotatePeaks.pl tss mm10 -list ../data/raw/KDM5C_unbound_allgerm_HOMER.txt -m ../../HOMER/motifs/e2f.motif -size -500,250 -hist 10)	E2F(E2F)/Hela-CellCycle-Expression/Homer total sites	E2F(E2F)/Hela-CellCycle-Expression/Homer + sites	E2F(E2F)/Hela-CellCycle-Expression/Homer - sites	A frequency	C frequency	G frequency	T frequency
-380	0	0	0	0	0	0	0
-370	0	0	0	0.2614909	0.2302276	0.2335404	0.2747412
-360	0	0	0	0.2783642	0.2214287	0.2324016	0.2678052
-350	0	0	0	0.2881987	0.2265009	0.2236025	0.2616976
-340	0	0	0	0.2778468	0.2218427	0.2310559	0.2692547
-330	0	0	0	0.2746376	0.226708	0.2328157	0.2658386
-320	0	0	0	0.2774327	0.2196688	0.2377848	0.2651138
-310	0	0	0	0.2696688	0.2189442	0.2423396	0.2690475
-300	0.00010351966873706	0	0	0.2723602	0.2242236	0.2324017	0.2710144
-290	0	0	0.00010351966873706	0.2697722	0.2192546	0.2343685	0.2766046
-280	0	0	0	0.2667702	0.2289855	0.2375777	0.2666666
-270	0	0	0	0.2632505	0.2346791	0.2324017	0.2696688
-260	0	0	0	0.2711181	0.2337474	0.2273292	0.2678054
-250	0	0	0	0.2675985	0.2319877	0.2349897	0.2654245
-240	0	0	0	0.2710145	0.2274326	0.2304349	0.271118
-230	0	0	0	0.2797101	0.2233955	0.2319876	0.2649067
-220	0	0	0	0.2725673	0.2313663	0.2329193	0.2631472
-210	0	0	0	0.2686336	0.2329192	0.2298137	0.2686337
-200	0	0	0	0.2729815	0.2196686	0.2363355	0.2710147
-190	0	0	0	0.2716356	0.2289856	0.2390271	0.2603519
-180	0.00010351966873706	0.00010351966873706	0	0.2812629	0.2219461	0.2363355	0.2604555
-170	0.00010351966873706	0	0.00010351966873706	0.2650104	0.2289855	0.2400621	0.265942
-160	0	0	0	0.2612336	0.2395932	0.2383496	0.2608234
-150	0	0	0	0.2717099	0.2388602	0.2368912	0.2525387
-140	0	0	0	0.2669431	0.234715	0.2427981	0.255544
-130	0	0	0	0.2659067	0.2337824	0.2426944	0.2576166
-120	0	0	0	0.268083	0.2339897	0.237513	0.2604146
-110	0.00010351966873706	0.00020703933747412	0	0.2664248	0.2369949	0.2321244	0.2644559
-100	0.00031055900621118	0	0.00010351966873706	0.2700518	0.2355442	0.2385493	0.2558548
-90	0.00010351966873706	0.00010351966873706	0.00010351966873706	0.2661141	0.2339896	0.2335752	0.2663212
-80	0	0.00010351966873706	0	0.2665284	0.2379273	0.2401036	0.2554404
-70	0.00010351966873706	0	0	0.2578239	0.2364766	0.2439379	0.2617616
-60	0.00010351966873706	0.00010351966873706	0	0.265127	0.2417121	0.2360127	0.2571481
-50	0	0	0	0.2638717	0.2455486	0.2397516	0.2508281
-40	0.00020703933747412	0.00010351966873706	0	0.2552795	0.2507246	0.24265	0.2513458
-30	0.00010351966873706	0.00010351966873706	0.00010351966873706	0.257764	0.2487578	0.2404761	0.2530023
-20	0	0	0	0.2557971	0.2489648	0.2468944	0.2483436
-10	0	0	0	0.2582814	0.2512422	0.252381	0.2380952
0	0	0	0	0.2501036	0.2425465	0.2564183	0.2509316
10	0.00010351966873706	0	0	0.2521739	0.2448239	0.2637683	0.239234
20	0	0	0.00010351966873706	0.2433747	0.2520703	0.2640787	0.2404762
30	0	0	0	0.2374742	0.254762	0.2634575	0.2443062
40	0	0.00010351966873706	0	0.2336438	0.2591098	0.2724639	0.2347827
50	0.00020703933747412	0.00010351966873706	0.00010351966873706	0.2248449	0.265114	0.2670808	0.2429606
60	0.00010351966873706	0	0	0.2210144	0.2690478	0.2681159	0.241822
70	0	0	0	0.2228779	0.265735	0.2744308	0.2369564
80	0	0.00010351966873706	0	0.2215321	0.2571429	0.2793997	0.2419254
90	0.00010351966873706	0	0	0.2156315	0.2773291	0.2807452	0.2262941
100	0	0	0	0.2366459	0.2612837	0.2675983	0.234472
110	0	0.00010351966873706	0	0.215528	0.2843686	0.273499	0.2266045
120	0.00010351966873706	0	0	0.1947205	0.2998965	0.2595239	0.2458591
130	0	0	0	0.2415115	0.2432713	0.2878883	0.2273291
140	0	0	0	0.2183229	0.2636645	0.3008283	0.2171843
150	0	0	0	0.2289856	0.2523809	0.3132504	0.205383
160	0	0.00010351966873706	0	0.2151139	0.257971	0.2976189	0.2292961
170	0.00010351966873706	0	0	0.2063147	0.2631471	0.2997928	0.2307453
180	0	0	0	0.2287786	0.2533124	0.2923395	0.2255692
190	0	0	0	0.2252587	0.2524845	0.2879917	0.2342649
200	0	0	0	0.2288821	0.2595239	0.2861284	0.2254657
210	0	0	0	0.2336439	0.2610766	0.2836438	0.2216356
220	0	0	0	0.2330229	0.2615941	0.2834368	0.2219463
230	0	0	0	0.2334368	0.2570393	0.2795029	0.2300206
240	0	0	0	0.234886	0.2483437	0.2835402	0.2332297
250	0	0	0	0.2385094	0.2589028	0.2756728	0.2269152
260	0	0	0	0.2459627	0.257764	0.2718425	0.2244306
270	0	0	0	0.2326086	0.2612837	0.2802276	0.2258799
280	0	0	0	0.2359213	0.2556935	0.2839547	0.2244307
290	0	0	0	0.2460662	0.2505176	0.2782609	0.2251553
300	0	0	0	0.2395446	0.2538302	0.2740166	0.2326086
310	0	0	0	0.234265	0.2496895	0.280849	0.2351966
320	0	0	0	0.2381986	0.2537267	0.2761904	0.2318839
330	0	0	0	0.2326087	0.2523809	0.2761905	0.2388199
340	0	0	0	0.2295031	0.2570393	0.2757764	0.2376812
350	0	0	0	0.2331262	0.2496893	0.2677021	0.2494824
360	0	0	0	0.2308489	0.2487576	0.271118	0.2492755
370	0	0	0	0.2393376	0.2458593	0.2690475	0.2457556
380	0	0	0	0.257764	0.233954	0.26501	0.243271
