Distance from Center (cmd=annotatePeaks.pl tss mm10 -list ../data/raw/KDM5C_bound_allgerm_HOMER.txt -m ../../HOMER/motifs/e2f.motif -size -500,250 -hist 10)	E2F(E2F)/Hela-CellCycle-Expression/Homer total sites	E2F(E2F)/Hela-CellCycle-Expression/Homer + sites	E2F(E2F)/Hela-CellCycle-Expression/Homer - sites	A frequency	C frequency	G frequency	T frequency
-380	0	0	0	0	0	0	0
-370	0	0	0	0.2588833	0.2588832	0.2294417	0.2527919
-360	0	0	0	0.2690356	0.2563451	0.2340101	0.2406093
-350	0	0	0	0.2583757	0.2477158	0.2401015	0.253807
-340	0	0	0	0.2532997	0.2563452	0.2329949	0.2573602
-330	0	0	0	0.2598985	0.2370559	0.2406091	0.2624366
-320	0	0	0	0.2451777	0.2522843	0.2553299	0.2472082
-310	0	0	0	0.2766499	0.2411169	0.2532995	0.228934
-300	0	0	0	0.2659897	0.2497463	0.2390865	0.2451777
-290	0	0	0	0.2502539	0.2502538	0.2558375	0.2436548
-280	0	0	0	0.2548225	0.248731	0.2487309	0.2477159
-270	0.00050761421319797	0	0.00050761421319797	0.2649746	0.2649749	0.2304567	0.239594
-260	0	0	0	0.2380711	0.2756347	0.2446701	0.2416244
-250	0	0.00050761421319797	0	0.2426396	0.2624367	0.2527919	0.2421321
-240	0.00152284263959391	0.00050761421319797	0	0.2350254	0.2614214	0.2639594	0.2395939
-230	0	0	0.00050761421319797	0.237056	0.2538073	0.2664976	0.2426396
-220	0	0	0	0.2213198	0.2730966	0.2741118	0.2314721
-210	0	0	0	0.2228428	0.2487309	0.2710661	0.2573605
-200	0	0	0	0.2324873	0.2593909	0.2847718	0.2233504
-190	0	0	0	0.2497464	0.2720813	0.2538072	0.2243656
-180	0	0	0	0.2588833	0.2502539	0.2558377	0.2350253
-170	0.00050761421319797	0	0.00050761421319797	0.2406092	0.2614214	0.2649747	0.2329951
-160	0	0	0	0.242132	0.2680204	0.2609138	0.228934
-150	0	0	0	0.2289339	0.2675127	0.2807107	0.2228428
-140	0	0	0	0.246193	0.2492387	0.2827412	0.2218276
-130	0	0	0	0.2319798	0.2680205	0.2705584	0.2294417
-120	0.00050761421319797	0.00050761421319797	0	0.2365482	0.275127	0.2771575	0.2111677
-110	0.00050761421319797	0	0.00050761421319797	0.2482234	0.2725889	0.2563452	0.2228428
-100	0	0	0	0.2294416	0.290863	0.2522843	0.2274113
-90	0.00101522842639594	0	0.00101522842639594	0.2482233	0.286802	0.2695432	0.1954315
-80	0	0	0	0.219797	0.2974619	0.2781727	0.2045684
-70	0	0	0	0.2218276	0.2913707	0.2761423	0.2106599
-60	0.00050761421319797	0	0	0.2126904	0.2659899	0.2888324	0.2324873
-50	0	0	0.00050761421319797	0.2218274	0.2852793	0.2802032	0.2126903
-40	0	0	0	0.2182741	0.3005077	0.2781726	0.2030457
-30	0	0.00050761421319797	0	0.2086295	0.2974621	0.2949241	0.1989849
-20	0.00050761421319797	0	0	0.2050761	0.3096448	0.2741118	0.2111676
-10	0	0	0	0.1959391	0.3055837	0.290863	0.2076142
0	0.00050761421319797	0	0.00050761421319797	0.1959391	0.3192894	0.2939087	0.190863
10	0.00050761421319797	0	0.00050761421319797	0.1893401	0.2939087	0.3243656	0.1923858
20	0.00050761421319797	0	0	0.1812183	0.3172588	0.3213198	0.1802031
30	0	0	0.00050761421319797	0.1837563	0.3248731	0.2939087	0.1974619
40	0	0	0	0.1898477	0.3177665	0.3010153	0.1913705
50	0	0	0	0.1873096	0.3441625	0.28934	0.179188
60	0.00050761421319797	0.00050761421319797	0	0.1878173	0.3020303	0.3192894	0.1908628
70	0	0	0	0.1756345	0.3218275	0.313198	0.1893402
80	0.00050761421319797	0	0.00050761421319797	0.1690356	0.3203046	0.3340102	0.1766498
90	0	0	0	0.1690356	0.3111676	0.3380711	0.1817259
100	0	0	0	0.1898478	0.2893402	0.3340101	0.186802
110	0	0	0	0.1619289	0.3253806	0.328934	0.1837564
120	0	0	0	0.1441625	0.3426396	0.3248732	0.1883247
130	0	0	0	0.1842641	0.2868021	0.3507615	0.1781726
140	0	0	0	0.1842639	0.3076144	0.3395939	0.1685279
150	0.00050761421319797	0	0	0.1771574	0.3000001	0.3649746	0.1578681
160	0	0	0.00050761421319797	0.1695432	0.2918783	0.3522843	0.1862944
170	0	0	0	0.160406	0.3086296	0.3492388	0.1817261
180	0	0	0	0.1705583	0.3121827	0.3314722	0.1857867
190	0	0.00050761421319797	0	0.1614213	0.3126904	0.3446701	0.1812181
200	0.00050761421319797	0	0	0.1700507	0.3096447	0.3284265	0.1918781
210	0	0	0	0.1730964	0.3091371	0.3365483	0.1812183
220	0	0	0	0.1659897	0.336548	0.3192895	0.1781724
230	0.00050761421319797	0.00050761421319797	0	0.172589	0.3015228	0.328934	0.1969542
240	0	0	0	0.1832488	0.3045686	0.3243654	0.1878173
250	0	0	0	0.1705583	0.3111677	0.3345179	0.1837562
260	0	0	0	0.1730964	0.3025381	0.3274113	0.1969543
270	0	0	0	0.1771574	0.3045686	0.3314721	0.1868022
280	0	0	0	0.1817258	0.2939087	0.3395942	0.1847716
290	0	0	0	0.1781728	0.3025381	0.3350252	0.184264
300	0	0	0	0.175127	0.284264	0.3634517	0.1771575
310	0	0	0	0.1644672	0.302538	0.3416243	0.1913704
320	0	0	0	0.1857868	0.3045685	0.3329949	0.1766499
330	0	0	0	0.1766497	0.273604	0.3507615	0.1989848
340	0	0	0	0.1629441	0.3045684	0.3370558	0.1954317
350	0	0	0	0.1766497	0.2928936	0.3446701	0.1857868
360	0	0	0	0.1822334	0.2802031	0.337056	0.2005076
370	0	0	0	0.179188	0.2913707	0.338071	0.1913705
380	0	0	0	0.208122	0.309645	0.269036	0.213198
