Distance from Center (cmd=annotatePeaks.pl tss mm10 -list ../data/raw/KDM5C_unbound_germDEGs_HOMER.txt -m ../../HOMER/motifs/ebox.motif -size -500,250 -hist 10)	E-box(bHLH)/Promoter/Homer total sites	E-box(bHLH)/Promoter/Homer + sites	E-box(bHLH)/Promoter/Homer - sites	A frequency	C frequency	G frequency	T frequency
-380	0	0	0	0	0	0	0
-370	0	0	0	0.2738094	0.2238096	0.2142858	0.2880953
-360	0	0	0	0.347619	0.2214286	0.2142858	0.2166667
-350	0	0	0	0.3047618	0.2142857	0.2238097	0.2571429
-340	0	0	0	0.2976189	0.2047619	0.2238096	0.2738095
-330	0	0	0	0.2738095	0.2428572	0.2214286	0.2619048
-320	0	0	0	0.2714286	0.2571428	0.2	0.2714286
-310	0	0	0	0.2857143	0.1833335	0.2642857	0.2666666
-300	0	0	0	0.2761905	0.2476191	0.2142859	0.2619048
-290	0	0	0	0.2642856	0.2309524	0.2285713	0.2761903
-280	0	0	0	0.2619048	0.252381	0.2404763	0.245238
-270	0	0	0	0.2571429	0.2023811	0.2809522	0.2595239
-260	0	0	0	0.25	0.2333334	0.195238	0.3214285
-250	0	0	0	0.25	0.2595238	0.1880952	0.3023809
-240	0	0	0	0.2857141	0.2214287	0.2119049	0.2809524
-230	0	0	0	0.2976191	0.2428572	0.197619	0.2619047
-220	0	0	0	0.3	0.2476191	0.2071429	0.245238
-210	0	0	0	0.2690475	0.2738095	0.2	0.257143
-200	0	0	0	0.2261904	0.2380952	0.252381	0.2833332
-190	0	0	0	0.2357142	0.2380952	0.2428572	0.2833333
-180	0	0	0	0.2785714	0.2333333	0.2666667	0.2214285
-170	0	0	0	0.1785716	0.2547619	0.3023809	0.2642857
-160	0	0	0	0.2584204	0.2538326	0.2677119	0.2200349
-150	0	0	0	0.209756	0.3268293	0.212195	0.2512194
-140	0	0	0	0.2658538	0.2512196	0.290244	0.1926829
-130	0	0	0	0.1951219	0.2951219	0.2658537	0.2439024
-120	0	0	0	0.2048779	0.2731706	0.2463413	0.2756097
-110	0	0	0	0.2560975	0.2390244	0.2414633	0.2634146
-100	0	0	0	0.2609756	0.2853658	0.2731706	0.1804877
-90	0	0	0	0.2390244	0.2658536	0.2585364	0.2365853
-80	0	0	0	0.2219512	0.2853657	0.2390244	0.2536584
-70	0	0	0	0.2292682	0.2902438	0.2463414	0.2341464
-60	0	0	0	0.24518	0.2889082	0.2548201	0.2110917
-50	0	0	0	0.2595238	0.2642856	0.2880952	0.1880953
-40	0	0	0	0.2499998	0.2714285	0.2595239	0.2190477
-30	0	0	0	0.2309525	0.3095238	0.2452381	0.2142858
-20	0	0	0	0.2142858	0.2428572	0.304762	0.2380953
-10	0	0	0	0.2357144	0.2714286	0.2666666	0.2261906
0	0	0	0	0.2095239	0.2714284	0.2809524	0.2380953
10	0	0	0	0.2309524	0.2595237	0.2857142	0.2238096
20	0	0	0	0.2309522	0.2761904	0.3238095	0.1690478
30	0	0	0	0.2261906	0.2714285	0.3023809	0.2000001
40	0	0	0	0.2309524	0.2928569	0.3047618	0.1714286
50	0	0	0	0.2119048	0.2952381	0.2904762	0.2023811
60	0	0	0	0.1785716	0.3071427	0.3404761	0.1738096
70	0	0	0	0.1690476	0.3190476	0.3095236	0.2023809
80	0	0	0	0.1833335	0.2547619	0.3619046	0.1999999
90	0	0	0	0.1904763	0.2833333	0.3166666	0.2095239
100	0	0	0	0.2190476	0.2999999	0.2761903	0.2047619
110	0	0	0	0.2023809	0.2857142	0.3619047	0.1500002
120	0	0	0	0.1761906	0.3261903	0.2809524	0.2166667
130	0	0	0	0.247619	0.2642857	0.304762	0.1833334
140	0	0	0	0.1952382	0.2761904	0.3285714	0.2
150	0	0	0	0.2357144	0.3	0.3119047	0.1523809
160	0	0	0	0.2071429	0.2571428	0.3523809	0.1833333
170	0	0	0	0.1928572	0.2785713	0.3309523	0.1976192
180	0	0	0	0.1595239	0.3071429	0.3	0.2333333
190	0	0	0	0.1904762	0.2809523	0.3166665	0.2119048
200	0	0	0	0.2095239	0.2642858	0.3285714	0.1976191
210	0	0	0	0.1976192	0.2904762	0.295238	0.2166667
220	0	0	0	0.2357143	0.2904761	0.3023808	0.1714286
230	0	0	0	0.2	0.2666665	0.3142856	0.2190476
240	0	0	0	0.2238096	0.2523809	0.302381	0.2214286
250	0	0	0	0.197619	0.297619	0.2809523	0.2238096
260	0	0	0	0.2119047	0.2714285	0.3238094	0.1928571
270	0	0	0	0.2023809	0.2857143	0.2999999	0.2119047
280	0	0	0	0.1785714	0.2547618	0.3499998	0.2166667
290	0	0	0	0.2261904	0.2857144	0.2976191	0.1904763
300	0	0	0	0.1904763	0.2785716	0.3238094	0.2071429
310	0	0	0	0.1880953	0.2190477	0.3809522	0.2119047
320	0	0	0	0.1714287	0.2809522	0.345238	0.2023812
330	0	0	0	0.1547619	0.2857141	0.3214285	0.2380953
340	0	0	0	0.1833334	0.2690478	0.3071427	0.2404763
350	0	0	0	0.1880953	0.2880953	0.3142857	0.2095238
360	0	0	0	0.2261905	0.2714287	0.2928571	0.2095238
370	0	0	0	0.2095239	0.2928571	0.2690477	0.2285714
380	0	0	0	0.238095	0.357143	0.166667	0.238095
