Distance from Center (cmd=annotatePeaks.pl tss mm10 -list ../data/raw/KDM5C_bound_germDEGS_HOMER.txt -m ../../HOMER/motifs/ebox.motif -size -500,250 -hist 10)	E-box(bHLH)/Promoter/Homer total sites	E-box(bHLH)/Promoter/Homer + sites	E-box(bHLH)/Promoter/Homer - sites	A frequency	C frequency	G frequency	T frequency
-380	0	0	0	0	0	0	0
-370	0	0	0	0.2384614	0.2807693	0.196154	0.2846155
-360	0	0	0	0.2461539	0.3192307	0.2	0.2346155
-350	0	0	0	0.2923075	0.2615384	0.2076924	0.2384615
-340	0	0	0	0.2692306	0.2576923	0.2307693	0.2423078
-330	0	0	0	0.2730769	0.223077	0.2153847	0.2884614
-320	0	0	0	0.1692308	0.3230769	0.2615385	0.2461538
-310	0	0	0	0.2692308	0.2423078	0.2615384	0.2269233
-300	0	0	0	0.2346153	0.2807693	0.2	0.2846154
-290	0	0.00384615384615385	0	0.2346154	0.3115385	0.1923078	0.2615384
-280	0.00769230769230769	0	0	0.2615385	0.25	0.1846154	0.3038461
-270	0	0	0.00384615384615385	0.2615385	0.2884615	0.1923077	0.2576924
-260	0	0	0	0.2346155	0.2846154	0.2423077	0.2384616
-250	0	0	0	0.2423077	0.2692306	0.2307691	0.2576924
-240	0	0	0	0.1615386	0.2692307	0.2576923	0.3115384
-230	0	0	0	0.2615385	0.3153845	0.1923078	0.2307694
-220	0	0	0	0.1961539	0.2846153	0.273077	0.2461538
-210	0	0	0	0.2038463	0.2461538	0.2615385	0.2884615
-200	0	0	0	0.2923077	0.2384616	0.2653845	0.2038462
-190	0	0	0	0.2461538	0.2423076	0.2538461	0.2576923
-180	0	0	0	0.2500001	0.253846	0.2615384	0.2346153
-170	0	0	0	0.3038461	0.2461539	0.2115386	0.2384615
-160	0	0	0	0.2307693	0.2846155	0.2423077	0.2423077
-150	0	0	0	0.2423077	0.2961538	0.2269231	0.2346154
-140	0	0	0	0.2461539	0.2576924	0.2307692	0.2653846
-130	0	0	0	0.2346155	0.2961538	0.2384617	0.2307694
-120	0.00384615384615385	0	0	0.2076921	0.3115383	0.2384615	0.2423078
-110	0	0	0.00384615384615385	0.2038462	0.2846153	0.303846	0.2076922
-100	0	0	0	0.2653845	0.2653845	0.2576924	0.2115386
-90	0	0	0	0.2384615	0.2846154	0.2730769	0.2038462
-80	0	0	0	0.2076924	0.2961539	0.2846153	0.2115385
-70	0	0	0	0.2346153	0.2538463	0.2961538	0.2153847
-60	0	0.00384615384615385	0	0.1884616	0.2807692	0.2999998	0.2307692
-50	0.00384615384615385	0	0	0.2192308	0.2999999	0.2500001	0.2307693
-40	0	0	0	0.2538462	0.2923077	0.2730768	0.1807693
-30	0	0	0	0.2076924	0.3076922	0.2884615	0.1961539
-20	0	0	0	0.2000002	0.3499999	0.2615385	0.1884617
-10	0	0	0	0.1615384	0.2846154	0.3307691	0.2230771
0	0	0	0	0.1653848	0.3461537	0.3	0.1884616
10	0	0	0	0.2346153	0.3499999	0.2846154	0.1307694
20	0	0	0	0.2192309	0.3230769	0.2615384	0.1961539
30	0	0	0	0.15	0.3384615	0.2923077	0.2192309
40	0	0	0	0.1846155	0.3038463	0.2730769	0.2384615
50	0	0	0	0.1538462	0.3961537	0.2730769	0.1769231
60	0	0	0	0.1692309	0.326923	0.2730768	0.2307691
70	0.00384615384615385	0	0	0.1653848	0.3730769	0.2923075	0.1692309
80	0	0	0.00384615384615385	0.1653846	0.326923	0.3384615	0.1692309
90	0	0	0	0.1576924	0.2884615	0.3423077	0.2115386
100	0	0	0	0.2076924	0.2884615	0.3	0.2038463
110	0	0	0	0.1692309	0.3192307	0.3230769	0.1884616
120	0	0	0	0.1769232	0.3692306	0.3115385	0.1423079
130	0	0	0	0.1615386	0.2538462	0.3653845	0.2192306
140	0	0	0	0.1923078	0.3115384	0.3076923	0.1884616
150	0	0	0	0.1884615	0.2961539	0.3423077	0.173077
160	0	0	0	0.1653846	0.2846152	0.3653846	0.1846155
170	0	0	0	0.1807691	0.3230769	0.2923075	0.2038461
180	0	0	0	0.1961538	0.2461538	0.3115384	0.246154
190	0	0	0	0.1576924	0.2538462	0.3807693	0.2076924
200	0	0	0	0.2	0.2423076	0.3346154	0.223077
210	0	0	0	0.1807693	0.2769231	0.353846	0.1884617
220	0	0	0	0.173077	0.3192306	0.3038461	0.2038461
230	0	0	0	0.1653847	0.2846153	0.3115384	0.2384616
240	0	0	0	0.2076924	0.276923	0.303846	0.2115385
250	0	0	0	0.15	0.3384616	0.3307691	0.1807693
260	0	0	0	0.1653847	0.2884614	0.3192306	0.2269231
270	0	0	0	0.15	0.2769231	0.3384616	0.2346153
280	0	0	0	0.1884617	0.3076923	0.3384614	0.1653846
290	0	0	0	0.1653846	0.3076922	0.3076923	0.2192308
300	0	0	0	0.1807693	0.2576923	0.3499999	0.2115385
310	0	0	0	0.1884617	0.2615384	0.3307691	0.2192307
320	0	0	0	0.1923078	0.3115384	0.3153845	0.1807694
330	0	0	0	0.1769233	0.2884616	0.3384615	0.1961539
340	0	0	0	0.1730772	0.3461539	0.2807693	0.2000001
350	0	0	0	0.1884615	0.2923076	0.3038462	0.2153848
360	0	0	0	0.1807695	0.2961537	0.3076922	0.2153846
370	0	0	0	0.2192308	0.2346156	0.326923	0.2192307
380	0	0	0	0.153846	0.307692	0.307692	0.230769
